82
396
711
1032
1368
1712
2035
2348
2661
2971
3301
3630
3960
4282
4609
4927
5240
5568
5898
6222
6527
6829
7142
7462
7785
8105
8413
8721
9025
9320
9628
9952
10280
10589
10891
11184
11470
11759
12049
12337
12621
12910
13183
13457
13739
14029
14332
14640
14923
15195
15473
15760
16051
16350
16654
16956
17249
17531
17813
18098
18395
18686
18976
19267
19558
19860
20172
20493
20821
21165
21498
21808
22130
22451
22781
23126
23456
23774
24089
24403
24719
25039
25373
25703
26008
26309
26636
26967
27302
27621
27933
28242
28558
28860
29154
29467
29781
30088
30386
30693
30984
31309
31628
31946
32261
32565
32866
33164
33470
34393
34681
34979
35288
35597
35911
36216
36529
36836
37140
37449
37778
38100
38431
38749
39058
39380
39692
40013
40340
40667
40883
40975
41264
41542
41828
42125
42420
42713
42989
43267
43545
43816
44094
44387
44675
44977
45269
45552
45839
46137
46440
46750
47060
47359
47655
47943
48233
48515
48826
49131
49426
49703
49984
50255
50527
50815
51114
51401
51686
51964
52238
52512
52793
53086
53380
53666
53948
54220
54518
54815
55106
55405
55709
56010
56306
56606
56917
57251
57591
57927
58246
58541
58844
59165
59489
59821
60155
60476
60783
61088
61394
61726
62057
62358
62671
62993
63630
63966
64291
64626
64928
65244
65575
65905
66224
66564
66889
67198
67509
67831
68163
68504
68830
69135
69445
69756
70081
70416
70751
71087
71400
71709
72020
72349
72679
73002
73306
73600
73911
74229
74556
74895
75213
75536
75853
76167
76493
76830
77161
77497
77827
78147
78474
78814
79158
79515
79852
80160
80463
80772
81107
81452
81789
82112
82442
82772
83106
83432
83776
84117
84427
84734
85072
85417
85751
86068
86371
86683
86992
87305
87654
88000
88337
88667
88998
89345
89698
90060
90398
90736
91068
91396
91742
92093
92447
92791
93130
93470
93816
94157
94516
94868
95198
95527
95863
96226
96589
96940
97283
97611
97949
98289
98646
99011
99357
99692
100015
100360
100721
101085
101426
101770
102112
102455
102824
103196
103556
103880
104209
104548
104882
105198
105531
105851
106181
106504
106842
107208
107566
107917
108252
108573
108918
109274
109634
110005
110345
110690
111046
111409
111790
112165
112521
112879
113244
113614
113984
114360
114670
115060
115747
116095
116441
116774
117102
117437
117778
118150
118511
118852
119176
119511
119845
120170
120501
120823
121147
121458
121760
122091
122445
122802
123144
123475
123822
124178
124535
124893
125232
125562
125888
126226
126591
126952
127298
127636
127967
128289
128630
128984
129352
129693
130006
130332
130648
130988
131318
131646
131956
132266
132575
132910
133272
133648
134017
134364
134720
135104
135305
135724
136086
136433
136784
137136
137507
137886
138231
138580
138933
139309
139689
140062
140433
140774
141126
141493
141872
142250
142609
142947
143306
143679
144059
144439
144807
145156
145507
145877
146249
146603
146960
147314
147670
148050
148434
148810
149165
149520
149880
150259
150648
151012
151366
151728
152091
152469
152860
153242
153597
153959
154343
154721
155100
155476
155837
156186
156555
156944
157322
157672
158027
158384
158754
159117
159488
159866
160215
160572
160950
161333
161716
162086
162454
162818
163210
163594
163978
164340
164691
165052
165440
165831
166202
166557
166919
167292
167654
168029
168388
168727
169052
169390
169763
170127
170480
170843
171191
171537
171901
172271
172644
172992
173328
173699
174086
174454
174839
175191
175544
175913
176285
176663
177031
177377
177696
178029
178388
178751
179129
179489
179835
180213
180596
180974
181341
181690
182041
182386
182732
183073
183424
183766
184104
184447
184806
185156
185493
185821
186152
186489
186845
187205
187569
187894
188207
188529
188860
189210
189561
189899
190235
190564
190881
191225
191579
191935
192262
192585
192918
193256
193604
193948
194284
194621
194952
195284
195635
196003
196364
196702
197044
197390
197733
198082
198432
198779
199116
199456
199809
200167
200523
200869
201212
201550
201894
202242
202597
202959
203308
203647
203996
204343
204688
205039
205364
205696
206046
206418
206792
207159
207519
207878
208234
208622
209014
209376
209745
210108
210472
210855
211245
211620
211975
212350
212725
213094
213461
213812
214151
214495
214847
215233
215566
215980
216336
216688
217037
217388
217718
218059
218390
218711
219065
219441
219818
220182
220548
220915
221280
221667
222037
222388
222728
223063
223416
223781
224135
224485
224825
225171
225514
225888
226265
226633
226995
227349
227703
228085
228465
228825
229190
229549
229899
230271
230659
231032
231372
231733
232103
232475
232852
233227
233592
233938
234308
234705
235083
235457
235811
236173
236542
236935
237325
237679
238033
238381
238741
239108
239481
239828
240175
240535
240904
241280
241663
242041
242384
242750
243138
243527
243901
244267
244638
244994
245373
245768
246138
246487
246843
247222
247597
247974
248350
248706
249044
249405
249789
250144
250513
250858
251202
251550
251918
252298
252660
253017
253373
253743
254122
254507
254879
255219
255585
255961
256341
256731
257115
257457
257829
258206
258585
258957
259324
259682
260022
260375
260751
261125
261477
261826
262185
262548
262921
263296
263651
264001
264355
264713
265104
265469
265816
266166
266532
266898
267275
267636
267997
268345
268692
269070
269451
269820
270177
270534
270893
271265
271649
272005
272360
272713
273076
273447
273820
274189
274537
274901
275260
275620
276001
276377
276725
277068
277432
277817
278180
278538
278912
279254
279603
279982
280372
280734
281088
281453
281828
282190
282573
282944
283302
283664
284029
284406
284777
285152
285500
285849
286221
286604
286964
287332
287679
288038
288393
288784
289148
289505
289875
290213
290573
290952
291317
291672
292024
292373
292738
293116
293499
293843
294194
294551
294908
295269
295637
295988
296334
296686
297069
297444
297814
298189
298537
298891
299266
299624
299988
300324
300644
300969
301300
301656
302031
302392
302744
303107
303472
303861
304238
304610
304976
305337
305704
306080
306470
306831
307188
307543
307914
308244
308643
308985
309331
309674
310034
310413
310784
311132
311476
311823
312171
312538
312905
313254
313599
313949
314292
314649
314985
315304
315611
315922
316233
316563
316909
317231
317584
317927
318278
318635
319017
319399
319759
320106
320467
320844
321219
321583
321948
322300
322647
323013
323391
323760
324111
324454
324814
325181
325546
325911
326263
326570
326884
327201
327554
327915
328267
328617
328972
329338
329720
330089
330464
330825
331196
331573
331951
332320
332687
333050
333404
333741
334109
334456
334784
335101
335398
335709
336018
336351
336675
336999
337308
337629
337950
338306
338659
339014
339360
339730
340078
340433
340784
341120
341447
341772
342129
342505
342894
343267
343634
344013
344377
344752
345122
345486
345833
346160
346503
346858
347205
347526
347856
348189
348519
348867
349227
349592
349929
350238
350539
350841
351148
351454
351778
352100
352440
352785
353150
353533
353904
354249
354579
354908
355231
355579
355929
356291
356645
356993
357359
357744
358128
358497
358861
359219
359578
359965
360340
360705
361031
361360
361716
362056
362414
362743
363048
363346
363641
363944
364266
364618
364953
365269
365583
365912
366275
366652
367035
367412
367781
368155
368548
368943
369316
369662
370012
370369
370727
371092
371449
371802
372147
372500
372877
373237
373593
373942
374299
374660
375031
375412
375772
376128
376473
376835
377211
377566
377924
378284
378623
378971
379344
379719
380073
380421
380755
381118
381464
381794
382140
382474
382802
383127
383467
383843
384203
384546
384900
385243
385604
385979
386356
386715
387067
387427
387766
388134
388474
388795
389106
389431
389768
390116
390465
390829
391174
391522
391874
392253
392626
392979
393320
393673
394028
394390
394772
395135
395457
395800
396150
396524
396896
397266
397621
397964
398313
398681
399044
399410
399763
400111
400449
400800
401146
401489
401827
402176
402533
402896
403281
403659
404029
404380
404749
405128
405500
405884
406248
406604
406956
407338
407726
408087
408457
408806
409154
409528
409909
410278
410629
410979
411330
411706
412079
412439
412791
413149
413497
413862
414260
414614
414967
415324
415668
416040
416409
416768
417122
417468
417815
418182
418569
418922
419271
419620
419969
420341
420699
421065
421419
421760
422112
422481
422858
423215
423560
423897
424228
424559
424892
425239
425582
425919
426265
426619
427003
427377
427733
428092
428436
428795
429172
429554
429907
430257
430623
430982
431353
431723
432075
432422
432755
433090
433452
433814
434162
434497
434850
435216
435584
435956
436330
436675
437017
437383
437766
438133
438481
438828
439174
439524
439876
440231
440589
440924
441253
441603
441952
442310
442649
442967
443295
443613
443938
444297
444645
444981
445305
445641
445995
446355
446712
447073
447417
447763
448110
448469
448825
449180
449521
449862
450211
450554
450908
451252
451597
451938
452281
452642
452998
453352
453693
454028
454376
454718
455084
455450
455800
456132
456468
456815
457174
457524
457867
458209
458544
458893
459250
459601
459959
460305
460634
460978
461329
461673
462018
462363
462697
463022
463378
463758
464114
464465
464799
465153
465500
465864
466218
466555
466879
467206
467553
467911
468263
468609
468931
469270
469612
469962
470327
470680
471031
471370
471712
472075
472437
472797
473148
473501
473855
474195
474555
474917
475261
475589
475928
476291
476658
477020
477376
477712
478040
478385
478746
479115
479468
479806
480160
480518
480873
481249
481611
481946
482285
482626
482996
483341
483696
484037
484361
484702
485046
485405
485770
486131
486481
486842
487212
487595
487960
488303
488654
489004
489360
489718
490083
490432
490761
491101
491456
491813
492164
492494
492819
493146
493479
493819
494179
494510
494838
495167
495503
495859
496220
496574
496923
497249
497574
497901
498233
498580
498896
499196
499514
499826
500144
500469
500796
501116
501444
501760
502087
502426
502777
503105
503420
503723
504043
504376
504721
505087
505437
505767
506085
506418
506766
507110
507443
507791
508133
508480
508848
509230
509607
509950
510300
510663
511035
511410
511770
512122
512467
512821
513189
513555
513909
514265
514612
514965
515332
515703
516083
516439
516791
517133
517503
517876
518234
518581
518931
519281
519642
520011
520383
520742
521077
521438
521811
522172
522537
522872
523219
523561
523913
524260
524617
524965
525312
525660
526020
526399
526767
527127
527482
527824
528157
528505
528872
529223
529577
529942
530310
530687
531065
531429
531776
532013
532472
532863
533235
533597
533953
534314
534685
535058
535418
535768
536116
536481
536871
537270
537656
538046
538406
538747
539123
539504
539875
540223
540568
540935
541304
541664
542031
542396
542740
543085
543466
543846
544204
544555
544922
545284
545655
546035
546412
546755
547095
547454
547836
548209
548581
548941
549303
549661
550047
550431
550797
551141
551484
551842
552203
552577
552937
553271
553624
553986
554354
554731
555090
555437
555773
556137
556510
556871
557231
557591
557942
558296
558674
559054
559405
559748
560112
560471
560835
561209
561560
561883
562189
562515
562883
563255
563611
563966
564330
564685
565050
565436
565818
566174
566526
566896
567274
567652
568022
568384
568730
569084
569472
569843
570206
570548
570908
571272
571630
572002
572368
572719
573066
573414
573801
574171
574528
574879
575223
575557
575910
576276
576648
576990
577338
577694
578077
578461
578837
579192
579549
579894
580265
580647
581022
581379
581736
582108
582486
582860
583237
583585
583949
584306
584681
585060
585416
585766
586107
586478
586852
587218
587590
587924
588275
588627
589006
589370
589733
590078
590435
590787
591157
591530
591876
592207
592532
592860
593204
593542
593876
594221
594557
594911
595262
595643
596020
596373
596723
597078
597465
597836
598212
598578
598910
599257
599624
599988
600353
600698
601041
601401
601767
602125
602489
602836
603171
603505
603870
604234
604578
604913
605255
605580
605935
606299
606673
607016
607351
607684
608014
608356
608710
609064
609396
609755
610112
610498
610879
611261
611622
611965
612339
612707
613066
613421
613780
614126
614489
614851
615228
615594
615933
616287
616654
617033
617398
617769
618125
618467
618830
619206
619589
619937
620288
620646
621016
621378
621749
622121
622459
622804
623160
623535
623870
624220
624551
624890
625227
625590
625970
626338
626680
627028
627372
627731
628080
628433
628783
629129
629484
629862
630243
630624
630988
631341
631701
632063
632443
632811
633171
633532
633888
634277
634654
635008
635371
635727
636105
636481
636855
637215
637554
637895
638238
638588
638917
639260
639601
639952
640294
640648
641031
641395
641736
642071
642436
642811
643176
643549
643899
644273
644635
645012
645394
645755
646098
646457
646820
647194
647568
647933
648297
648646
649003
649371
649750
